0 1 2 2 1 1 1
1 0 1 0 2 2 3
2 1 4 0 1 2 1
3 1 0 2 3 0 0
4 0 2 1 3 2 1
5 1 0 0 0 1 0
6 1 1 2 2 1 3
7 1 2 0 0 0 0
8 2 3 1 1 2 1
9 0 4 2 0 2 1
10 1 2 0 2 0 2
11 2 4 1 2 2 3
12 1 4 1 1 2 2
13 1 4 1 3 1 3
14 0 2 2 3 0 3
15 0 1 2 3 2 0
16 1 1 2 0 1 1
17 2 4 2 3 1 2
18 0 1 0 3 1 0
19 1 1 0 1 1 3
20 0 3 1 2 1 0
21 1 0 1 1 0 2
22 0 0 0 1 1 2
23 1 0 2 2 0 2
24 1 2 0 0 1 1
25 0 2 1 2 1 0
26 0 2 0 3 0 2
27 0 1 1 1 1 3
28 2 3 1 1 2 0
29 1 1 1 0 0 3
30 2 1 0 1 2 2
31 0 3 0 2 0 1
32 2 4 2 3 0 3
33 1 0 0 0 1 2
34 1 2 1 3 0 3
35 0 1 1 1 2 3
36 2 3 1 1 0 3
37 2 0 1 3 0 3
38 1 3 2 1 0 0
39 2 0 1 3 2 1
40 2 2 2 1 2 2
41 2 0 2 3 1 0
42 0 4 0 0 2 3
43 2 1 1 3 2 0
44 1 4 1 2 2 1
45 2 1 0 1 2 0
46 0 0 1 0 1 0
47 0 1 2 1 2 1
48 0 3 2 1 2 2
49 1 4 2 3 0 0
50 1 3 0 1 2 0
51 2 1 0 2 2 3
52 0 0 1 2 1 2
53 0 1 2 2 0 0
54 0 4 1 1 0 0
55 1 0 1 1 2 3
56 2 3 1 2 2 1
57 0 2 1 3 2 1
58 0 3 1 2 1 1
59 1 0 0 2 0 1
60 2 3 0 1 2 3
61 1 3 2 3 0 3
62 0 1 0 3 1 1
63 2 4 1 3 0 3
64 1 4 0 3 2 3
65 0 0 2 2 0 3
66 2 2 0 2 2 1
67 2 2 0 2 1 3
68 1 3 0 0 2 0
69 0 3 1 1 2 0
70 1 4 1 1 2 3
71 2 4 2 3 1 3
72 2 0 2 3 2 3
73 0 2 1 2 0 0
74 2 1 0 3 0 3
75 1 4 2 3 1 3
76 1 3 1 0 1 0
77 0 3 0 3 2 2
78 2 4 2 2 0 1
79 1 1 0 2 0 3
80 2 4 1 0 2 2
81 2 3 1 3 0 3
82 1 0 0 1 2 3
83 1 3 2 3 0 0
84 0 4 2 0 2 2
85 1 2 0 2 2 3
86 1 0 2 1 2 1
87 2 0 2 0 2 1
88 2 3 1 2 0 2
89 2 0 2 3 1 0
90 0 0 1 2 1 3
91 1 2 1 2 1 1
92 2 1 1 1 0 2
93 0 3 0 2 1 0
94 0 0 2 1 2 3
95 2 0 2 0 2 2
96 1 4 2 0 0 3
97 2 0 1 3 2 1
98 0 4 2 2 0 2
99 1 4 1 2 0 1
100 1 2 0 1 2 1
101 1 4 1 3 2 2
102 1 1 0 2 1 2
103 0 0 2 1 2 2
104 2 0 1 1 1 2
105 0 1 2 0 1 1
106 2 4 0 0 0 3
107 2 2 0 3 0 3
108 0 4 0 0 1 3
109 0 2 0 3 1 1
110 2 4 1 1 1 0
111 2 1 1 2 1 2
112 0 2 1 0 0 2
113 2 2 1 1 1 0
114 2 1 1 2 0 1
115 0 1 2 2 2 2
116 2 4 0 3 0 2
117 0 0 2 1 1 0
118 0 1 0 3 0 1
119 0 3 1 2 2 1
120 0 2 0 3 0 1
121 0 3 2 3 0 0
122 2 0 1 3 0 0
123 1 3 1 2 1 1
124 0 3 0 0 0 3
125 1 4 1 1 2 2
126 1 0 1 1 1 0
127 2 2 2 0 1 2
128 2 2 0 2 2 3
129 1 2 1 3 0 0
130 1 4 2 0 2 2
131 2 1 1 1 0 3
132 1 4 0 2 0 0
133 1 3 0 0 0 1
134 2 1 2 0 0 0
135 0 4 1 2 1 3
136 1 4 2 1 1 2
137 1 2 1 0 0 3
138 1 1 1 2 2 2
139 2 2 0 2 1 0
140 2 1 2 1 0 0
141 0 1 2 3 1 1
142 2 3 0 2 0 3
143 0 2 0 1 2 3
144 0 1 1 1 2 1
145 0 4 1 3 2 1
146 2 1 0 0 0 3
147 1 2 0 1 2 1
148 0 0 1 3 0 2
149 1 1 1 0 2 2
150 1 0 1 1 0 1
151 0 3 0 3 2 2
152 2 4 0 1 0 0
153 2 1 2 1 1 1
154 1 4 0 2 2 0
155 2 4 2 0 0 3
156 1 2 2 3 2 0
157 1 1 2 2 1 1
158 0 3 1 2 2 1
159 1 2 2 3 2 3
160 2 3 1 2 1 1
161 0 4 2 2 0 0
162 2 4 2 3 1 1
163 1 3 2 3 0 3
164 0 4 2 1 1 3
165 0 1 1 0 0 2
166 1 2 0 3 2 1
167 1 3 0 3 2 0
168 0 3 2 2 1 0
169 1 3 2 1 2 3
170 1 1 1 1 1 0
171 2 2 2 0 1 2
172 2 3 1 3 1 1
173 1 0 1 2 0 3
174 0 4 2 3 2 1
175 2 0 2 0 2 1
176 1 3 2 3 1 3
177 1 0 1 0 0 0
178 0 4 0 3 0 0
179 0 1 2 3 1 2
180 0 1 0 0 0 0
181 0 4 0 2 2 1
182 1 4 1 1 1 0
183 1 2 0 3 2 1
184 2 1 1 1 1 2
185 1 3 2 3 1 3
186 1 3 0 2 0 0
187 1 2 2 2 2 2
188 1 4 2 0 1 1
189 0 3 0 3 1 1
190 1 0 0 1 2 0
191 0 4 1 1 2 2
192 0 0 2 3 1 3
193 0 2 1 1 1 2
194 1 1 2 3 1 0
195 2 0 0 1 1 1
196 0 1 2 1 0 1
197 1 3 1 0 1 3
198 0 2 2 0 1 2
199 2 4 0 3 2 3
200 1 3 2 0 1 1
201 1 1 0 0 2 0
202 2 1 1 1 2 1
203 0 2 0 2 2 2
204 1 1 2 2 2 1
205 2 2 0 0 0 2
206 1 4 0 2 0 2
207 0 3 0 2 0 0
208 0 0 2 2 2 0
209 1 4 2 0 2 1
210 2 3 2 0 0 0
211 2 3 0 0 1 0
212 1 2 1 3 2 2
213 0 2 2 3 2 1
214 1 4 1 3 2 2
215 1 0 1 3 0 0
216 2 1 0 2 2 3
217 1 0 2 0 1 2
218 2 1 2 3 2 3
219 0 0 2 3 1 2
220 2 1 0 2 0 0
221 1 0 1 3 1 3
222 2 2 2 0 1 3
223 1 4 0 3 0 2
224 2 4 2 1 2 0
225 1 0 0 3 2 1
226 2 3 2 0 0 2
227 1 3 2 2 0 3
228 2 1 0 2 0 3
229 0 1 0 3 1 2
230 1 3 1 2 2 1
231 2 1 1 3 0 0
232 2 3 0 3 1 2
233 1 4 1 3 0 2
234 0 0 2 3 0 2
235 1 4 1 3 0 3
236 1 0 1 3 0 0
237 2 4 0 2 2 3
238 2 1 0 3 0 3
239 1 1 0 3 0 1
240 2 3 1 3 1 1
241 0 1 0 0 1 2
242 1 0 1 2 2 0
243 2 1 2 1 1 3
244 1 1 2 3 2 3
245 1 1 0 3 0 3
246 0 3 0 1 1 3
247 2 1 2 2 0 1
248 1 0 0 0 2 3
249 0 1 2 0 2 3
250 2 4 2 1 1 2
251 2 4 2 0 1 0
252 0 1 0 1 0 3
253 1 0 2 2 2 2
254 1 4 2 1 0 1
255 1 1 0 3 0 3
256 0 1 0 0 0 0
257 1 2 1 0 2 1
258 2 0 1 3 2 3
259 0 2 1 2 0 3
260 0 2 0 1 0 3
261 1 2 0 1 2 3
262 1 0 2 1 1 0
263 1 4 2 1 2 1
264 2 3 0 0 2 2
265 2 1 2 1 0 2
266 2 2 1 2 0 2
267 2 4 2 3 2 1
268 1 4 0 1 0 2
269 2 4 2 3 1 0
270 0 1 2 0 0 3
271 2 1 2 3 1 3
272 2 4 1 1 1 1
273 0 3 2 2 2 1
274 2 4 2 1 1 2
275 1 3 0 1 2 3
276 0 2 0 0 0 3
277 0 3 1 3 0 2
278 1 4 2 1 2 0
279 0 0 2 0 0 3
280 2 4 1 3 0 3
281 2 2 1 0 0 1
282 1 1 0 1 2 3
283 1 3 1 3 0 2
284 2 3 2 1 1 1
285 1 2 0 0 2 2
286 2 0 0 3 0 3
287 2 1 1 3 2 1
288 0 0 1 1 1 0
289 1 1 2 0 2 2
290 1 4 1 2 1 3
291 0 2 1 1 1 0
292 2 4 0 0 1 3
293 1 4 2 2 1 0
294 0 0 2 2 1 3
295 2 4 2 3 2 0
296 0 1 1 2 2 2
297 1 3 2 2 1 2
298 2 3 0 2 0 1
299 0 2 0 2 2 0
