0 28 0 41
01075047177
csqJuaRp
1 5 11 53
01087747076
CincXNUs
2 24 22 54
01097091641
XAvHVAok
3 5 21 24
01082776928
WHGXQLhr
4 2 9 66
01096652824
SxjbMLKx
5 10 12 54
01039442712
frMCBYkV
6 30 22 38
01054803962
YJrWgDBL
7 9 19 29
01042207267
VkTTqWUY
8 32 19 20
01092073873
BaADkdge
9 1 1 50
01073125111
aVBODVMO
10 3 20 60
01079021431
gyWOVust
11 9 6 56
01049746412
sbxLytPb
12 32 1 39
01099074255
qfSnuQXz
13 20 18 38
01076454244
wQfanTLa
14 3 2 71
01088707644
YNIMemXD
15 17 11 31
01062492310
XqXbyBdo
16 14 9 73
01036173319
qGvpqahL
17 23 2 89
01086849255
UmdZXdTK
18 11 10 41
01023247825
oAmjLGAS
19 21 18 55
01031586795
xWSqgxIc
20 17 19 34
01021947017
uQQUCzGq
21 11 12 73
01088304920
ZrgnqxAW
22 26 7 27
01035271850
zKYTqynX
23 29 0 43
01095021239
ytDjjsBa
24 7 19 41
01010293947
XurDhoRN
25 11 22 79
01013629988
UJQgWScu
26 15 20 47
01086436261
TCDRcAGX
27 22 4 67
01097238553
iXxUlcft
28 13 8 55
01045804523
vHzysQGR
29 12 4 59
01091895752
jgmcAWUD
30 14 20 51
01098245717
RpOapQIK
31 5 17 39
01012008103
ztDeBBQM
32 18 22 29
01024865025
qbbuiGfF
33 0 14 44
01012373297
eokRaQbT
34 19 6 73
01037386179
eGtlcQFY
35 23 19 55
01078111374
EvEFDUjC
36 32 9 68
01075663095
STFwIzLv
37 8 3 88
01019125180
iiTZRwRu
38 24 22 49
01048041099
BCNXuODk
39 25 18 65
01086408049
hMJnIgep
40 5 21 75
01066362698
ypWFwjCA
41 6 19 60
01032557502
SRUTNefo
42 31 17 87
01040054722
KxwMNLHq
43 3 9 60
01056826120
nNaFFyaM
44 29 16 30
01065526260
utAFeSAI
45 10 8 24
01046384919
mHqaNpWo
46 21 12 85
01026098610
EczZJQaH
47 29 3 57
01082509871
PoiByebi
48 10 3 54
01063162311
uCqxPTQc
49 24 18 72
01013271092
paEypeXe
50 13 12 66
01072547635
EErIYeKl
51 1 0 78
01076601320
sAmnbrOY
52 29 12 44
01025995580
sGPTYbDl
53 6 22 49
01083611021
muXXkjIR
54 21 6 82
01048449111
QRjkDzNg
55 33 15 57
01087933693
KjeyyrCP
56 28 0 49
01061973267
qCaHUdyO
57 23 0 44
01044429421
hMmqsmOA
58 0 21 50
01035255012
RZRAEPaj
59 32 9 72
01092943129
COPFTbLV
60 30 3 48
01094506080
DPkBIzWf
61 13 20 80
01025708881
wFcbAZSo
62 10 8 83
01010699227
Kdsucgnc
63 32 7 43
01079714170
tYbvIqqE
64 4 8 31
01011808278
EIWPafFR
65 16 22 48
01046211007
UcqdYdyz
66 19 14 38
01015478235
IsoHLflp
67 16 8 36
01048124773
LmqnxzWF
68 26 16 41
01026316808
vaRrdhjK
69 23 16 51
01095864700
DRbwqBog
70 19 22 39
01067594787
SQxPtPFR
71 5 3 52
01041192310
wwlEikWO
72 17 9 56
01042235370
CyglUNCb
73 22 15 43
01087913740
QbxbMNVj
74 19 4 57
01062973417
UcGsbYgA
75 14 5 63
01099147113
MxZbJkBL
76 34 6 28
01067737180
qNTnZGpQ
77 8 17 34
01099181523
WTsQvgNj
78 2 19 57
01036495219
jJTiPFkY
79 4 15 30
01085061617
UMLVpDNS
80 11 22 70
01029741334
NzRZZQAn
81 28 18 78
01064717490
WiHqPJPD
82 25 16 44
01076215372
SIUrxHfk
83 7 21 78
01023928743
ORFdaIIj
84 31 3 21
01011091207
oTAJyTOg
85 18 15 57
01087962306
JPyGfspL
86 26 19 26
01025678830
sxwdVPsD
87 7 2 35
01098264014
mzUBpIKa
88 0 13 55
01059052362
vPNGNnEy
89 30 16 21
01043582332
oRtPGate
90 17 22 64
01010738044
myngpLFQ
91 8 8 47
01065393105
sghzdUXJ
92 12 19 43
01076394231
KJzEhMRf
93 23 19 46
01014143760
gtwuHKNR
94 28 8 89
01012031512
yUdRjIDB
95 33 0 72
01065112999
jXqPLigg
96 6 4 82
01090004510
LCWoMmit
97 21 5 80
01090138620
uEukcXCV
98 13 21 63
01024983904
sybmJPhg
99 31 22 89
01050304301
WliefyDj
